 0.00000000e+00  0.00000000e+00  0.00000000e+00  7.40482407e-02  0.00000000e+00  3.00000000e-01  0.00000000e+00  7.20510083e-02  0.00000000e+00  1.54076432e-19 
 5.00000000e-02  5.00000000e-02  5.00000000e-02  9.78528778e-02  5.00000000e-02  3.00000000e-01  5.00000000e-02  9.56861707e-02  5.00000000e-02  4.80764334e-02 
 1.00000000e-01  1.00000000e-01  1.00000000e-01  1.32121388e-01  1.00000000e-01  3.00000000e-01  1.00000000e-01  1.29711584e-01  1.00000000e-01  9.76557504e-02 
 1.50000000e-01  1.50000000e-01  1.50000000e-01  1.73403959e-01  1.50000000e-01  3.00000000e-01  1.50000000e-01  1.70581013e-01  1.50000000e-01  1.47216787e-01 
 2.00000000e-01  2.00000000e-01  2.00000000e-01  2.17592773e-01  2.00000000e-01  3.00000000e-01  2.00000000e-01  2.13882274e-01  2.00000000e-01  1.96323626e-01 
 2.50000000e-01  2.50000000e-01  2.50000000e-01  2.62879421e-01  2.50000000e-01  3.00000000e-01  2.50000000e-01  2.56190702e-01  2.50000000e-01  2.43352870e-01 
 3.00000000e-01  3.00000000e-01  3.00000000e-01  3.08743718e-01  3.00000000e-01  3.00000000e-01  3.00000000e-01  2.84697323e-01  3.00000000e-01  2.76047382e-01 
 3.50000000e-01  3.50000000e-01  3.50000000e-01  3.54973430e-01  3.50000000e-01  3.00000000e-01  3.50000000e-01  2.91862345e-01  3.50000000e-01  2.87016334e-01 
 4.00000000e-01  4.00000000e-01  4.00000000e-01  4.01038995e-01  4.00000000e-01  3.00000000e-01  4.00000000e-01  2.93685278e-01  4.00000000e-01  2.92688120e-01 
 4.50000000e-01  4.50000000e-01  4.50000000e-01  4.46759077e-01  4.50000000e-01  3.00000000e-01  4.50000000e-01  2.93951447e-01  4.50000000e-01  2.97018774e-01 
 5.00000000e-01  5.00000000e-01  5.00000000e-01  4.92007085e-01  5.00000000e-01  3.00000000e-01  5.00000000e-01  2.93500093e-01  5.00000000e-01  3.00966290e-01 
 5.50000000e-01  5.50000000e-01  5.50000000e-01  5.36614818e-01  5.50000000e-01  3.00000000e-01  5.50000000e-01  2.92511134e-01  5.50000000e-01  3.04866466e-01 
 6.00000000e-01  6.00000000e-01  6.00000000e-01  5.80296748e-01  6.00000000e-01  3.00000000e-01  6.00000000e-01  2.91048425e-01  6.00000000e-01  3.09034659e-01 
 6.50000000e-01  6.50000000e-01  6.50000000e-01  6.22579414e-01  6.50000000e-01  3.00000000e-01  6.50000000e-01  2.89038616e-01  6.50000000e-01  3.13810623e-01 
 7.00000000e-01  7.00000000e-01  7.00000000e-01  6.62717055e-01  7.00000000e-01  3.00000000e-01  7.00000000e-01  2.86330218e-01  7.00000000e-01  3.19688932e-01 
 7.50000000e-01  7.50000000e-01  7.50000000e-01  6.99712476e-01  7.50000000e-01  3.00000000e-01  7.50000000e-01  2.82771936e-01  7.50000000e-01  3.27374036e-01 
 8.00000000e-01  8.00000000e-01  8.00000000e-01  7.32622529e-01  8.00000000e-01  3.00000000e-01  8.00000000e-01  2.78387403e-01  8.00000000e-01  3.37687785e-01 
 8.50000000e-01  8.50000000e-01  8.50000000e-01  7.61020351e-01  8.50000000e-01  3.00000000e-01  8.50000000e-01  2.73523935e-01  8.50000000e-01  3.51327138e-01 
 9.00000000e-01  9.00000000e-01  9.00000000e-01  7.85087638e-01  9.00000000e-01  3.00000000e-01  9.00000000e-01  2.68748956e-01  9.00000000e-01  3.68699292e-01 
 9.50000000e-01  9.50000000e-01  9.50000000e-01  8.05267056e-01  9.50000000e-01  3.00000000e-01  9.50000000e-01  2.64585820e-01  9.50000000e-01  3.89968547e-01 
 1.00000000e+00  1.00000000e+00  1.00000000e+00  8.21917607e-01  1.00000000e+00  3.00000000e-01  1.00000000e+00  2.61338235e-01  1.00000000e+00  4.15174130e-01 
